19456
357888
410627
64121
379402
146961
329219
282134
40986
180764
545114
370209
132644
522791
466986
254167
436273
142386
272440
436795
134206
326837
92738
483401
131661
402514
449466
213086
442128
340069
109673
369259
322163
187001
342650
4731
42620
392320
291460
419974
71306
182424
203119
374430
546976
246436
536741
321223
333998
521906
196789
373945
574138
135356
91326
295105
170178
35525
181446
478407
195281
31442
245462
383703
143576
147165
497375
279265
358629
551654
44279
516856
77050
93437
395904
25860
34056
26378
125707
473869
255248
91416
544538
164635
348447
469793
294
540209
487720
384811
257838
578878
362306
374083
210761
397133
64909
31061
530265
327514
401411
415073
427750
43882
357743
571764
475510
488823
83836
262016
527750
330818
76176
8594
54683
313246
34212
10149
211882
411564
492465
355256
410554
103870
554433
219075
281032
337354
554445
294350
541773
173008
64474
320480
208871
42492
538092
180718
120061
474609
418292
58364
350639
504747
389974
303626
376859
323100
367142
397354
576946
511622
451120
290868
328757
465463
468027
209468
273470
114239
545353
93258
55375
57936
289714
210012
218205
311902
205409
287335
229481
481386
279149
484978
483446
325239
239229
179327
298629
170630
232073
139
341132
34445
90255
556178
146078
20641
346788
241318
173340
225963
378482
246968
192079
242365
163518
12991
580294
195271
329931
368844
21198
410319
374990
415958
141017
313562
170716
329957
131815
465129
215278
429807
91263
189694
393984
80131
52996
580870
509192
410380
368402
494869
293148
468613
404257
39202
212261
14635
167724
345389
574769
257336
297787
551713
332607
168775
300876
61773
535889
567636
79189
64342
256343
246106
346972
369503
467297
110435
451431
345960
453485
391539
264568
272253
54654
505728
17899
360328
79754
523660
181133
271759
107922
196506
463771
295837
358302
267683
240455
455597
402333
339890
571038
520124
31521
346560
10192
102353
535506
334291
485844
560598
33871
154589
510955
163167
531967
