503808
206851
54277
456199
440840
278801
48653
465422
227855
490515
110618
495131
183843
184358
440871
154154
574507
390704
88072
476722
39988
272949
308278
421431
307768
190014
8771
393284
143440
358994
549462
327255
544857
240655
248924
475229
407650
41574
316007
352361
74860
214127
502896
195697
41077
319095
579192
317049
491130
34428
281725
415872
422017
385154
439427
253576
66412
402410
244931
431256
258330
330911
491168
224368
1700
165029
68525
345288
523955
486580
355513
36539
476349
66238
387776
298689
90306
423619
350405
510152
358090
570060
328397
536782
473299
552654
310998
248953
526040
262873
336602
323067
223569
217323
36032
516846
518383
231153
497907
146676
566518
247625
174332
393469
216050
243968
441472
151299
249046
537864
24106
275215
488720
247057
14723
201498
541474
485155
118564
111910
351793
232625
290602
346589
536370
549683
112949
259056
414522
173375
204609
278853
228166
125257
497719
382801
107360
546658
393271
444263
16744
497514
554347
187244
338291
534903
418680
23359
459645
465795
574343
426376
62858
168746
117645
361171
21905
52803
193429
182167
337305
505242
546203
357279
137120
365099
319908
428454
492968
365993
380330
479149
214447
425906
291251
15797
145335
290221
77754
505792
299254
263073
438728
257965
350668
414670
455528
9171
462805
208342
357335
143107
550365
303342
42661
164835
38886
477671
561512
246252
460781
404464
49731
326128
238074
200563
343038
9727
453792
343937
557829
493279
63563
244462
455279
285462
29045
89078
102329
288408
213465
484485
470779
132510
263647
