564738
310278
322056
181591
273420
544002
254990
341010
104980
284698
391199
397857
44579
236068
18982
529447
56872
5673
558635
234031
442417
303667
506933
436791
157653
476731
243260
438848
506945
224523
119876
62817
229388
462928
183889
8803
301582
260695
74332
368222
267363
120420
456807
446058
429159
330348
258322
109679
471154
305781
1655
138175
411754
374401
376450
488069
56455
408201
370315
240784
286353
537027
281056
417430
307866
363119
303260
239130
433822
87199
137888
183970
61603
420339
253095
129706
157516
391794
517807
252833
448181
460982
57545
422517
565957
535750
541897
202343
147729
15055
434897
14549
491223
125129
35279
512220
134366
183914
531069
455464
326898
101622
258089
306644
351335
277717
7938
448259
363272
3337
167178
352011
431746
97682
560911
495377
207634
426259
572181
268018
299290
172315
492677
191265
302882
246053
42790
228135
33576
120682
414510
568623
345397
422200
127801
286523
287550
217397
300353
252738
341828
218439
387362
46924
34786
141135
157918
87489
301397
254807
528729
475995
249180
279696
185697
110434
498747
348522
150639
371564
203629
204661
285047
405368
71938
449402
45435
24958
572802
541486
382855
395
547212
522637
347023
205720
464274
23446
29080
289180
47008
273825
349090
94746
306603
411564
200109
75696
575921
322482
552947
48564
530590
170640
264124
423358
62399
73153
153931
409030
20935
545100
226762
221132
530383
443860
549845
27610
285451
441824
249825
67042
74656
61414
372220
275111
391662
30706
578878
414196
386089
506872
168953
36607
149500
315899
479562
362869
459272
358923
232972
527887
388903
336404
227808
141334
78871
454404
12827
42528
490529
263202
575012
345125
508972
329261
282672
514097
316254
182840
271929
225850
178753
80651
10825
522935
521292
414289
311891
27221
281687
191577
383066
262235
334941
439902
523871
100624
334609
487698
300142
314992
390769
6771
562292
348791
154644
15994
539259
447613
535682
30851
491653
292488
350231
254096
260547
390292
468121
343706
534173
211141
87920
232610
403619
381607
452776
562345
563882
279723
482476
428718
386224
437363
352949
505014
493751
176312
408253
323263
48320
7873
346968
581317
258762
99874
341712
114389
16598
163033
410337
162530
47739
238310
383211
133869
368367
204020
489207
99065
532732
240387
317188
251655
391090
568587
468751
1296
202001
437010
114453
406294
384462
173340
498462
227851
174371
192806
513319
536200
415538
36660
368949
375606
110392
433980
38721
219458
373571
304964
281414
13639
64842
316237
30034
463699
27476
214869
301910
242208
527704
209753
397658
398174
226147
375143
402795
51054
17776
300403
40821
134518
182647
449400
564091
355197
353666
525702
537991
360328
510861
189845
208793
31983
504732
263351
401828
222118
174503
179112
117674
110509
431023
109488
279838
508339
338384
214454
535483
296381
65982
234945
209347
281541
392183
136140
117197
448974
360400
256983
416730
337533
103904
259555
419816
166889
196074
548337
133620
574633
184827
155644
