19456
468993
401411
281601
179720
239625
563723
111629
61967
146961
410627
537620
152598
468505
409627
262686
370209
19491
132644
192039
284764
466986
213255
430125
540209
298547
260150
272440
482362
201141
95297
330818
193547
539717
63047
276552
31817
498765
310797
334417
311378
377427
199764
100438
182362
299023
347228
451679
396385
137315
239717
95249
109673
369259
564332
208494
574069
115830
214648
69140
219771
42620
136042
392320
214720
562308
419974
51335
173704
360073
570515
465556
208871
326938
374430
410272
190115
246436
286523
334509
439982
132272
60596
575006
462006
401591
373945
574138
348447
128704
468161
170178
35525
395463
442231
310479
70865
147154
348371
176852
245462
383703
4312
69668
575487
576222
497375
483553
336101
488166
450282
143143
576704
403693
171762
241396
319221
561399
203003
256769
106244
304342
75527
425226
125707
363276
473869
456465
204051
152340
544538
182245
142620
296222
456991
469793
4386
312103
174888
257838
282928
394033
450355
359220
364853
113590
163640
488250
380639
417597
381246
217397
443712
448837
492362
270672
244792
182611
260818
530265
327514
7519
529762
382307
551654
291686
96615
244586
437099
343053
68974
246589
228722
488823
156029
362368
409985
260994
51079
21903
76176
425361
45550
74135
400794
348059
390048
168355
10149
19441
305576
578330
243442
374702
356424
561589
261558
483401
355256
449466
99260
209856
384416
350148
281032
16382
31368
43882
294350
264222
254368
134618
146910
105951
320480
435682
258019
334309
61414
224337
286182
310545
131361
325102
474609
262642
179699
418292
58869
265719
499705
386559
438186
175102
324435
20992
372233
452618
242946
57878
331799
529944
534041
323100
556064
24609
189475
331817
576946
98350
451120
265777
449075
304180
311902
465463
58425
164899
400453
93258
234679
192079
136785
481635
66650
210012
572510
413791
540006
229481
249453
383087
484978
448275
325239
129659
297084
327807
540288
18563
104470
511622
68743
153231
346774
203416
557679
571038
233124
580294
512166
480936
85674
225963
226988
461256
356531
185015
246968
252091
359105
553667
64196
563909
517318
300577
451275
23247
551288
391891
163540
89814
439516
335585
170729
270571
429807
280819
166645
64760
153300
275198
393984
409346
456969
567562
410380
152336
570643
150292
37655
293148
467742
551713
39202
212261
180521
447787
162092
20788
96566
345400
205108
392506
167989
332609
204100
155465
454199
300876
380754
524627
297812
79189
389974
256343
523097
198492
369503
289120
467297
226147
442214
345960
217522
525170
212853
264568
113473
54654
382848
258433
456578
564612
271681
321811
79754
572811
544237
201111
208793
31983
295837
578974
142240
504747
350639
289714
487349
300472
136633
512442
352703
72096
96711
49096
337866
197369
232612
244815
103904
196074
17899
442348
389458
502663
449522
561491
180729
114684
364031
