63488
137221
567304
223243
71699
456725
110617
372764
88412
305195
374829
475182
188465
305206
51258
366655
417857
362563
331844
153669
232460
505934
518224
231508
444502
378970
202843
295006
514147
237669
485480
75884
432239
63617
446597
170127
192656
452759
53404
409763
469165
213171
121014
231610
264382
217285
567494
170191
131280
28881
456917
94422
403672
403675
473318
176362
473323
278771
8443
413955
555271
243980
30992
430359
246040
450845
338207
194851
340263
313647
543025
348469
147769
252220
271429
235839
332096
565570
432453
485709
278867
262487
323930
104796
422240
297314
436582
434548
342403
33158
291209
162189
512776
323983
51605
383384
525381
14756
262565
133559
215482
457147
446920
393674
528462
270815
569825
488
487925
223738
178683
563712
132182
451087
133648
432657
541202
461334
534876
544
256547
21029
227879
528936
219690
392967
80429
520752
55857
297522
6712
45626
107068
392632
301155
576084
134926
445019
213434
152158
371309
332407
516733
74369
111244
369294
193181
254625
295589
240295
189103
432820
156341
574135
15032
516795
139973
316107
101068
92894
569526
301797
398066
291572
232185
500478
344832
269058
412419
264968
466211
514826
316189
206591
443169
492323
140068
273190
43816
78638
232243
502582
359232
281409
510798
506707
78683
209757
138078
498535
340843
414576
430961
78707
144252
437118
367489
95106
562062
519055
324497
62355
129945
543644
310185
91052
248752
293811
62399
357317
5064
74704
304083
66524
259037
999
503522
293891
254983
320524
60431
197658
302107
121897
132615
115772
173117
427077
334928
89174
484441
242779
93276
312416
556130
437347
431208
529515
555538
535668
545920
7298
365701
277642
576652
97423
357532
181409
558242
273582
50352
377715
169143
408774
412876
462031
89296
91349
472282
566498
281829
247014
60647
171241
214257
201970
427256
437497
46331
175356
277761
464134
494855
337160
505099
501005
396845
304404
421146
324891
322848
361763
492840
339245
136501
195896
376123
54593
453959
236874
175437
468302
314704
554328
140634
314729
351463
458103
273784
209130
363908
525705
382350
142742
269721
196007
501172
282037
71095
464312
431545
404923
257478
99794
169436
339426
556518
251367
165353
271852
579056
570866
548339
425462
265725
574977
351747
390401
310797
335374
486491
130579
206356
376342
173598
20001
79397
364073
196141
495160
124486
460361
214604
206413
48728
95841
476770
181860
286313
259690
95862
273684
429690
347772
466561
336493
507551
183973
39951
259755
505516
145693
396997
124617
227019
425676
581328
136915
214742
120441
311002
335579
265950
485090
311015
134888
487151
458487
104185
143098
44795
356094
253695
206596
182021
448263
417547
510095
372494
73491
10012
444199
223020
114481
517938
364341
417590
517945
423740
253757
357816
393031
474953
433998
94046
270185
262003
8065
458632
515982
26512
403349
415648
454562
231343
526257
40886
325568
98242
133060
323525
32712
24553
198645
360447
409291
574404
33221
537297
355785
412247
275863
563470
198959
495985
257943
479477
256983
61175
185240
139428
284743
153631
46173
576629
