360960
281602
92675
229388
580621
341010
487957
343062
472088
157214
56865
155687
213033
61997
257076
230454
356920
509497
95583
432702
23117
263251
467540
42069
32861
190951
317033
273002
266866
232563
258680
552573
170517
449302
287366
481422
209773
536725
105622
260247
511136
361124
209864
430259
65208
1722
527038
139472
195798
305879
328409
306394
524507
1244
339678
7394
379259
80613
579815
526570
348400
409331
128756
218874
108803
219909
180487
14600
575243
354572
259345
412437
49942
316183
83736
20254
184613
288042
97502
310071
554296
500543
229184
579918
467000
157019
544607
186218
291179
371564
511341
392511
18666
184703
407943
160652
403943
31121
147346
377235
29080
47004
557981
93089
266151
333737
93611
478621
243955
163257
575931
248252
575933
89032
296393
95692
423395
365540
73702
214503
533480
455157
66038
179199
425472
294403
235017
358923
213421
96785
31235
396820
182805
383001
405531
112160
292901
289318
453162
520237
456239
322610
491061
114744
315962
555582
61503
121417
128586
103499
226380
183374
340047
440400
230995
240213
136633
449412
150623
126564
200807
557672
194153
34930
501875
554620
447613
150144
193407
385669
293002
259216
322194
60052
357526
321176
4975
483867
246442
545735
510636
181421
65661
465074
64183
340665
81594
84667
122046
537280
465601
417987
32965
35076
441543
52425
5325
527054
269015
139992
107741
3109
452836
401446
202470
377577
27371
306412
281837
162429
71920
369393
62706
313588
65271
250619
97539
109316
161032
375566
250127
260370
145684
250137
482590
66336
432419
431364
162088
45053
486194
253742
428336
361265
540466
168243
370486
313055
389258
306495
377155
512836
32054
258382
522576
367953
402774
117988
570714
214363
135524
238310
339823
491377
74101
500884
353658
273791
331648
532867
329604
219525
40839
427401
480663
553869
404461
280464
563605
377239
249156
200605
459680
201637
177064
103851
368556
11181
581040
333745
285106
142261
428985
495546
464317
357291
356800
10693
147488
384462
181714
78803
410068
118743
96762
265125
103904
90594
347620
468456
153578
479723
271844
84477
274418
323155
237558
392183
506874
145405
