69646
118802
235541
548894
262175
471087
172087
196665
180283
182334
122549
282698
157771
100428
147128
389206
307292
143458
170099
102517
6847
198782
473109
84097
37003
243852
204943
22680
438426
501919
497825
503972
360613
221350
147624
315565
28702
385222
229575
243912
354507
221390
225495
133343
434415
469232
524536
92416
342283
397587
280623
84258
24869
4395
411953
334148
18770
483667
8532
4438
145751
328026
491867
555361
334178
24931
479597
203119
131444
237942
225658
555396
557447
553353
74124
156045
473839
104176
565670
401833
352684
385454
475586
299468
324051
336341
444895
90592
119547
422375
258541
391662
558845
557562
557564
552947
55810
100438
428554
221713
90646
195098
227884
72238
59952
510527
496213
471641
463452
372300
434786
60010
330348
14961
434805
283254
88695
258680
359034
363134
184972
197263
227986
152214
389419
90778
563870
420532
70332
408255
379585
412362
559821
475856
297683
328409
279259
107234
125051
418535
553709
262895
529139
207611
285437
261603
504585
514826
244496
49942
314147
533288
194012
369461
334648
250335
531264
484166
172877
64334
542388
113493
365404
359270
522727
529270
115579
29573
363403
109454
9105
531350
35738
349090
301993
412586
574411
254926
449488
256980
367578
515038
536741
269280
481446
418300
392174
369647
455666
404476
179199
293888
492552
297299
77997
254994
64531
554006
478724
443426
525354
44081
1089
562243
119876
477025
513096
99410
99416
539738
556131
21604
537701
283761
56437
347254
1146
492678
232597
167067
402588
519329
300200
58539
548014
564404
300214
511159
11449
462011
425160
206025
183502
404687
437459
42201
173274
15581
539874
345979
169198
111864
376059
335103
19716
515347
531739
513242
378147
443689
431404
482605
437554
533811
345397
304438
378169
515391
113890
415073
267625
118124
294258
333182
89487
478621
526576
349611
42413
310705
572850
388531
509366
544201
226762
163289
44508
304379
93670
335340
568814
445944
185850
476415
502698
454148
425481
478731
409100
544278
85527
550431
458275
540196
122418
312889
101948
169539
296524
310862
50767
77400
106073
286303
15968
421478
91756
106096
474741
214646
257656
257657
271997
185989
575110
63114
370315
386707
134807
528030
183970
452274
575156
284341
495288
423613
91839
413377
170955
417481
356043
440034
335587
196336
67315
119476
401249
145149
206591
40705
79619
352005
452359
288553
274219
343852
565041
565043
446260
367582
30548
124766
32609
163682
22371
331627
456558
456559
122747
92028
425866
460683
317330
307866
444324
475053
573363
249792
63434
67534
522194
245716
223198
204767
198625
104422
444755
436218
446461
360208
387429
497297
549255
562155
213773
319677
187791
526000
1841
19924
562485
16598
203639
443160
450075
393372
345847
188414
211775
