237568
159233
67078
285192
295945
135690
147979
253964
544272
544713
49683
263700
33815
487450
255004
254493
423173
100896
282145
143908
457254
331185
240681
181296
171360
197683
433204
142718
12343
152120
71738
250939
344125
429633
498758
102497
332653
31817
281676
534605
374559
39504
107960
12370
378727
546388
5205
304217
291930
43613
416864
26209
484450
369763
223335
141416
457322
523371
177938
154222
94319
481567
88168
115314
542183
537206
230008
175737
413822
538242
148843
168580
378502
67208
141962
268539
568972
165518
22671
573072
442136
12946
195267
303768
97434
4764
284698
546976
222370
246435
344325
430245
453799
511145
530631
401068
551794
504498
484531
442549
112841
566456
177338
446651
372413
477853
518850
85187
540869
559303
245448
417481
205002
199883
89378
81103
417400
117458
364243
240340
522232
442582
391895
303321
531234
131804
31965
143582
377809
578792
157417
316138
436972
128978
71918
298225
309492
35966
269807
103163
538364
495357
279806
400853
264961
375554
338219
411908
313093
138503
29776
421131
150284
475407
23741
11538
461588
101656
561433
360735
185904
380706
434467
450182
568107
471858
553776
111409
271666
378163
101172
174390
199481
106810
84447
471868
556349
579902
435519
334148
317254
193424
369997
301453
469840
263505
546642
122851
354132
562519
37209
502927
169972
503135
98656
214369
363875
98043
357737
250730
140651
218476
265069
442223
116712
137586
577398
174313
13177
290170
357758
542101
571264
80260
409970
196490
113559
542605
359310
207853
52624
384402
54164
434581
225792
445041
503108
144795
82338
400247
89329
115626
34222
391837
80304
192701
205573
268725
142774
461751
415672
91636
147386
348092
160190
419265
262594
229317
503238
455624
53344
382554
3817
537548
12238
555983
78288
187857
431570
115363
249301
261603
30685
83935
76257
312803
361382
365444
11149
437099
361964
442962
475389
441841
116455
205300
20748
430546
235000
421370
466939
142324
130564
580613
268556
25282
327314
176793
181542
407602
84533
45110
268469
52161
224322
108838
345160
555686
102356
394199
116061
385248
61862
146667
31984
519542
142585
18426
558587
68093
