145408
452611
262148
161799
317448
362506
23895
552973
548878
28692
274455
153624
434204
473118
84000
67310
514083
202799
385078
114745
346175
26690
149571
223300
356421
444491
198733
428111
258132
18519
569432
436317
288862
303210
569452
442478
215151
268400
16497
104563
45175
338041
510078
2179
82052
125071
282768
449560
360595
459801
211097
159898
319647
84130
346275
315564
241837
121006
336049
4275
118965
565438
495989
299200
90306
432503
358596
391365
136908
39115
347170
133327
188624
153976
397522
225494
536791
428248
241882
426203
88286
147681
295138
248051
80117
172279
467194
268539
571215
51461
358664
112905
133386
482690
88335
262531
377111
10526
44132
162523
117028
481573
336166
164135
393513
166190
452917
168248
166205
579902
28994
307523
409929
171932
391499
532812
575823
528720
336209
557396
31061
260440
186721
371047
502844
431848
371058
522612
31093
532855
172408
190841
559483
35197
160126
146837
53635
387463
57570
295308
8589
334222
199055
479633
360851
373486
540740
94619
53668
145831
62877
74166
244151
530875
227772
160195
192964
461255
149962
175863
213455
63953
291286
436696
186788
496090
563680
34214
203239
467435
25069
281072
238065
543220
514550
201207
393720
225791
434689
569862
487943
391688
161879
84492
53774
313872
188945
190995
127514
557595
252444
376185
125472
357808
43555
459304
373289
154154
524844
569437
246878
406070
348730
420411
535306
324158
16961
264771
10678
424521
430670
506449
477780
381527
193112
72281
188308
43611
547421
160351
207458
309859
41574
111207
135785
17003
129645
339703
559730
137844
164469
238199
438907
246398
440959
392640
285314
297610
125590
547487
197280
307873
524962
365220
581062
529065
314026
113095
172716
254638
60080
490952
12979
301755
326332
508605
213695
152258
107205
128460
496334
477906
74456
15067
291551
226020
307943
4840
269033
519880
279278
385779
357109
121591
477946
338683
109308
89898
433136
211722
422677
120964
422686
422689
377635
353067
434993
39731
831
146240
492362
303956
281429
209757
107360
168801
531299
256868
318314
398188
467821
175933
479379
158583
553852
408449
275332
379784
437129
161602
13201
226197
543644
566173
308128
31650
539555
396200
293802
525227
166840
22004
106314
379841
33731
308165
474054
138185
297933
365521
548939
285651
162774
476119
359387
146397
58335
267127
437221
105448
300012
209904
103413
410614
465911
367608
291834
87038
363522
338948
394246
182785
195594
314383
468483
68628
551957
554006
142360
39961
220187
3103
72737
361506
107558
229553
168797
549937
556083
427870
576566
234554
257084
484414
272955
13379
169028
322629
432993
119308
234572
151394
318543
330835
437332
429142
382041
418907
367710
365663
476258
64611
185444
74853
12817
263068
46269
157365
220277
228472
150649
357498
190463
525439
552065
558213
388237
539793
1176
13465
171546
147653
443556
7333
375324
167082
201899
341164
369840
136734
95417
332987
316605
132288
187585
408773
281800
572620
13175
158924
345294
111825
490714
79070
578788
13546
15597
218350
576754
261363
447733
265462
46329
552186
407443
227882
349438
99583
494852
306437
122120
509826
492814
103697
447762
406404
111907
394533
185639
509227
293768
572725
314685
443713
113989
396617
83277
194471
388439
89432
17755
434746
220511
421218
324155
531815
167273
580972
451951
388464
492914
413043
171382
580983
97656
468345
319908
71573
519744
204162
292227
279940
26518
114055
169356
373315
538005
288150
91545
58778
253341
177567
15778
392612
449958
7593
75179
181677
187822
523696
146865
306611
87476
349622
23991
54712
34234
107964
246005
417216
540098
443844
12938
204232
370935
95692
64974
304596
493020
337375
3553
230884
54763
560620
36333
185838
480509
462324
239093
30198
456184
374270
458325
499200
556545
478723
497238
538122
310796
28174
400915
362005
208406
108056
21764
95770
407067
298526
226848
77345
93735
273961
329258
439854
346717
99592
155192
460346
489019
439868
60989
292415
95808
468545
13892
405062
230983
245320
310858
292428
278095
419408
44627
234766
187990
190041
373007
185950
132703
218721
329318
382572
403054
132719
283203
162067
419444
151159
468603
573058
164475
344307
417416
327306
294541
68205
510587
495252
3694
337488
370331
5644
147101
414661
153249
349559
349860
57286
460454
515751
157352
396972
554669
342302
553942
216761
128699
434805
162363
222648
353989
44743
347848
38601
362103
202444
320461
32464
384723
9941
14041
239327
120544
376545
186083
554727
519573
282346
98599
581357
272110
298736
42737
532211
12020
360181
276215
245497
382715
130812
177919
44800
212739
478980
284421
469634
362520
81691
345884
440093
494555
10023
7977
151338
378673
94002
2014
14135
454457
210749
128830
274240
59202
65350
231240
456521
155466
235340
446285
341645
411472
313169
261982
398309
226404
546658
517987
166392
456552
12147
514366
253819
509589
143234
379542
270215
194440
540556
122766
210832
350099
528276
227221
341910
346011
245660
505157
533488
581569
196516
180135
214961
337843
223157
20410
16318
414709
73665
272323
260036
540614
415393
141256
315338
22479
229329
155007
104406
110551
325593
149470
413349
407521
71877
430054
262119
372620
174062
450543
167920
361027
503799
315384
258388
143359
276476
270677
453792
324962
318147
500100
485142
451463
326664
189193
16285
474034
304180
426878
409364
489207
216228
571012
386204
118906
116574
