19456
281601
348162
262148
389206
408071
179720
296459
111629
244750
61967
564281
76547
69140
152598
526360
468505
409627
51335
193565
205344
277025
47651
551334
192039
463452
530439
533548
6189
295472
93746
345139
542302
260150
244792
177721
482362
490044
182334
565941
430656
1089
193547
48129
193605
200775
276552
197193
455157
541773
343053
311378
377427
199764
100438
411223
106073
180751
208476
368222
396385
197219
304744
568426
370285
289392
579697
397427
574069
283254
187001
357498
50811
571364
441471
564352
214720
376450
180869
355974
440455
360073
284764
421010
499705
465556
99182
153803
534041
147154
145751
213359
199962
530590
137888
564336
53410
160933
442225
381608
20935
275117
439982
132272
34993
357743
14004
448181
327864
373945
510138
16382
465087
146112
468161
258243
115830
478407
125129
285047
70865
260818
574675
383703
4312
85160
576222
380639
279265
219771
349414
529762
227440
538859
31442
346863
251752
243442
348371
241396
516856
202489
93946
99067
61693
330880
448259
154884
334085
180487
14088
79113
515850
9483
154892
65806
232950
489235
75655
53015
544538
427823
142620
367578
192798
456991
191265
120099
423204
38693
497031
301029
9007
502063
450355
359220
498997
308996
247782
488250
241832
246589
381246
217397
435576
362306
341828
138175
359238
226119
432547
135497
157516
434511
259408
156497
182611
471893
181591
543065
301402
222043
563258
182245
415073
35682
243737
488166
291686
534887
289640
187241
165742
421231
110449
377235
571764
578878
124279
544120
17273
447354
113019
156029
187776
409985
242051
271259
54337
53642
265879
498061
65773
213904
14226
183988
557447
23446
110999
415393
400794
348059
10138
197022
206751
137315
93089
293794
54683
198645
433574
19441
497825
106411
2477
467887
356424
179699
130485
225721
416188
497599
160166
350148
555461
210374
13985
561589
468471
198163
418893
129784
168355
466901
504790
13783
39211
314147
185201
441824
249825
344548
58937
61414
186705
286182
58869
131361
497009
364016
15345
442231
79860
155125
457718
448113
257421
168953
58364
175102
386559
399873
209548
248235
554500
481285
300039
435208
372233
303626
296460
242946
136718
250383
295440
470545
57878
331799
169500
66650
324638
300577
99874
189475
488198
347174
331817
439339
98350
218205
451120
265777
283698
393267
167989
454199
225850
468027
567562
10192
164899
511554
527427
400453
502854
103496
306700
492107
401484
192079
154193
481635
356878
383066
382557
523871
379343
442214
335207
155245
383087
484978
448275
422516
163518
240250
489407
66172
69757
468608
101312
510636
298629
389256
400010
448535
341132
541837
153231
259216
346774
422040
64196
581040
1180
336360
232612
406182
161447
279723
226988
525170
336046
237232
455746
220531
351810
423093
208566
171192
353982
215755
164548
57542
325831
100553
451275
21198
238799
551288
391891
527060
51928
14635
313562
349647
1757
503518
438497
213579
129659
550117
107239
297084
270571
31983
53183
123633
280819
443347
163540
540288
275198
351489
409346
256771
475398
529159
456969
309514
160012
451345
505619
212058
138517
38678
37655
28719
386332
238528
462213
12576
31521
304689
443688
291115
578861
47837
188040
350002
20788
96566
229688
321332
251195
157601
196928
369986
139
168775
292169
80714
1591
456012
396110
387725
345400
42834
561491
568148
578391
424819
470364
150417
226147
208740
512869
327436
176017
220221
381296
427377
402802
300403
170729
350231
312298
86848
8844
326021
568202
572811
470924
181133
465806
216449
203416
333899
461715
466838
208793
196506
28671
546717
309317
72096
476065
13220
551336
363241
48044
575389
321968
303026
508339
468917
155465
300472
310202
198120
48575
69568
279490
70987
108484
429985
49096
300876
524627
147919
205108
519635
384981
560598
147415
437720
315641
52703
253408
336356
88913
570643
346089
144836
17899
442348
449522
366931
356531
541687
180729
252927
205308
313341
143445
